<?xml version="1.0"?>
<opencv_storage>
<R type_id="opencv-matrix">
  <rows>3</rows>
  <cols>3</cols>
  <dt>d</dt>
  <data>
    9.9980503254392095e-001 -1.8698831519177332e-002
    -6.3443360303966903e-003 1.8423570177230376e-002
    9.9899022035026619e-001 -4.0976965559339072e-002
    7.1041510241433318e-003 4.0852091064522179e-002
    9.9913994900308245e-001</data></R>
<T type_id="opencv-matrix">
  <rows>3</rows>
  <cols>1</cols>
  <dt>d</dt>
  <data>
    -6.4123114978306944e+001 1.7948218388814847e+000
    1.2491581553658413e+000</data></T>
<R1 type_id="opencv-matrix">
  <rows>3</rows>
  <cols>3</cols>
  <dt>d</dt>
  <data>
    9.9857048464069809e-001 -4.7429068096256029e-002
    -2.4646920780535223e-002 4.6926436633762975e-002
    9.9868618418741495e-001 -2.0586769004346580e-002
    2.5590950535271238e-002 1.9400747735631305e-002
    9.9948422410661353e-001</data></R1>
<R2 type_id="opencv-matrix">
  <rows>3</rows>
  <cols>3</cols>
  <dt>d</dt>
  <data>
    9.9941903239458185e-001 -2.7973985763830075e-002
    -1.9469304249581151e-002 2.8373632187482865e-002
    9.9938586702511090e-001 2.0562728101034360e-002
    1.8882126044679454e-002 -2.1103196699852438e-002
    9.9959897979393708e-001</data></R2>
<P1 type_id="opencv-matrix">
  <rows>3</rows>
  <cols>4</cols>
  <dt>d</dt>
  <data>
    5.2150415251088975e+002 0. 3.4068654251098633e+002 0. 0.
    5.2150415251088975e+002 2.2742319107055664e+002 0. 0. 0. 1. 0.</data></P1>
<P2 type_id="opencv-matrix">
  <rows>3</rows>
  <cols>4</cols>
  <dt>d</dt>
  <data>
    5.2150415251088975e+002 0. 3.4068654251098633e+002
    -3.3459909856827326e+004 0. 5.2150415251088975e+002
    2.2742319107055664e+002 0. 0. 0. 1. 0.</data></P2>
<Q type_id="opencv-matrix">
  <rows>4</rows>
  <cols>4</cols>
  <dt>d</dt>
  <data>
    1. 0. 0. -3.4068654251098633e+002 0. 1. 0. -2.2742319107055664e+002
    0. 0. 0. 5.2150415251088975e+002 0. 0. 1.5585940151732938e-002 0.</data></Q>
</opencv_storage>
