<?xml version="1.0"?>
<opencv_storage>
<M1 type_id="opencv-matrix">
  <rows>3</rows>
  <cols>3</cols>
  <dt>d</dt>
  <data>
    5.8787640124153836e+002 0. 3.2042762740856216e+002 0.
    5.8794230387223593e+002 2.1816424800657589e+002 0. 0. 1.</data></M1>
<D1 type_id="opencv-matrix">
  <rows>1</rows>
  <cols>14</cols>
  <dt>d</dt>
  <data>
    8.5054285410324823e-002 -2.7586970670616640e-001 0. 0. 0. 0. 0.
    5.6345713699656491e-002 0. 0. 0. 0. 0. 0.</data></D1>
<M2 type_id="opencv-matrix">
  <rows>3</rows>
  <cols>3</cols>
  <dt>d</dt>
  <data>
    5.8787640124153836e+002 0. 3.2608058952143568e+002 0.
    5.8794230387223593e+002 2.3935500870245292e+002 0. 0. 1.</data></M2>
<D2 type_id="opencv-matrix">
  <rows>1</rows>
  <cols>14</cols>
  <dt>d</dt>
  <data>
    1.1117305942978420e-001 -5.6358896876356890e-001 0. 0. 0. 0. 0.
    -7.8101895487334527e-001 0. 0. 0. 0. 0. 0.</data></D2>
</opencv_storage>
